1	命运之书	0	1	1	0	0
1	火球术	0	1	1	0	0
1	治愈术	0	1	1	0	0
1	基本剑术	0	1	1	0	0
1	精神力战法	0	1	1	0	0
1	大火球	0	1	1	0	0
1	施毒术	0	1	1	0	0
1	攻杀剑术	0	1	1	0	0
1	抗拒火环	0	1	1	0	0
1	地狱火	0	1	1	0	0
1	疾光电影	0	1	1	0	0
1	雷电术	0	1	1	0	0
1	刺杀剑术	0	1	1	0	0
1	灵魂火符	0	1	1	0	0
1	幽灵盾	0	1	1	0	0
1	神圣战甲术	0	1	1	0	0
1	困魔咒	0	1	1	0	0
1	召唤骷髅	0	1	1	0	0
1	隐身术	0	1	1	0	0
1	集体隐身术	0	1	1	0	0
1	诱惑之光	0	1	1	0	0
1	瞬息移动	0	1	1	0	0
1	火墙	0	1	1	0	0
1	爆裂火焰	0	1	1	0	0
1	地狱雷光	1	1	1	0	0
1	半月弯刀	0	1	1	0	0
1	烈火剑法	1	1	1	1	0
1	野蛮冲撞	1	1	1	0	0
1	心灵启示	0	1	1	0	0
1	群体治愈术	1	1	1	0	0
1	召唤神兽	1	1	1	1	0
1	魔法盾	1	1	1	0	0
1	圣言术	1	1	1	0	0
1	冰咆哮	1	1	1	1	0
1	解毒术	0	1	1	0	0
1	火焰冰	1	1	1	1	0
1	群体雷电术	1	1	1	1	0
1	双龙斩	1	1	1	1	0
1	狮子吼	1	1	1	1	0
1	龙影剑法	1	1	1	1	0
1	雷霆剑法	1	1	1	1	0
1	寒冰掌	1	1	1	1	0
1	灭天火	1	1	1	1	0
1	火龙烈焰	1	1	1	1	0
1	气功波	0	1	1	0	0
1	无极真气	1	1	1	1	0
1	群体施毒术	1	1	1	1	0
1	飓风破	1	1	1	1	0
1	逐日剑法	1	1	1	1	0
1	噬血术	1	1	1	1	0
1	流星火雨	1	1	1	1	0
1	开天斩	1	1	1	1	0
1	禁锢术	1	1	1	1	0
1	心灵召唤	0	1	1	0	0
1	护体神盾	1	1	1	1	0
1	召唤圣兽	1	1	1	1	0
1	裂神符	1	1	1	1	0
1	死亡之眼	1	1	1	1	0
1	十步一杀	1	1	1	1	0
1	冰霜雪雨	1	1	1	1	0
1	冰霜群雨	1	1	1	1	0
1	训兽术	0	1	1	0	0
1	金币	0	1	1	0	0
1	元宝	0	1	1	0	0
1	随机传送卷	0	1	1	0	0
1	随机传送卷包	0	1	1	0	0
1	地牢逃脱卷	0	1	1	0	0
1	地牢逃脱卷包	0	1	1	0	0
1	回城卷	0	1	1	0	0
1	回城卷包	0	1	1	0	0
1	行会回城卷	0	1	1	0	0
1	行会回城卷包	0	1	1	0	0
2	金创药(小量)	0	1	1	0	0
2	魔法药(小量)	0	1	1	0	0
1	金创药(小)包	0	1	1	0	0
1	魔法药(小)包	0	1	1	0	0
2	金创药(中量)	0	1	1	0	0
2	魔法药(中量)	0	1	1	0	0
1	金创药(中)包	0	1	1	0	0
1	魔法药(中)包	0	1	1	0	0
2	强效金创药	0	1	1	0	0
2	强效魔法药	0	1	1	0	0
1	超级金创药	0	1	1	0	0
1	超级魔法药	0	1	1	0	0
2	太阳水	0	1	1	0	0
2	强效太阳水	0	1	1	0	0
1	强效太阳水包	0	1	1	0	0
2	万年雪霜	0	1	1	0	0
1	万年雪霜包	0	1	1	0	0
2	疗伤药	0	1	1	0	0
1	疗伤药包	0	1	1	0	0
1	金条	1	1	1	1	0
1	金砖	1	1	1	1	0
1	金盒	1	1	1	1	0
2	护身符	0	1	1	0	0
2	护身符(大)	0	1	1	0	0
2	超级护身符	0	1	1	0	0
2	超级护身符包	0	1	1	0	0
2	灰色药粉(少量)	0	1	1	0	0
2	灰色药粉(中量)	0	1	1	0	0
2	灰色药粉(大量)	0	1	1	0	0
2	黄色药粉(少量)	0	1	1	0	0
2	黄色药粉(中量)	0	1	1	0	0
2	黄色药粉(大量)	0	1	1	0	0
2	超级灰色药粉	0	1	1	0	0
2	超级黄色药粉	0	1	1	0	0
2	神水	0	1	1	0	0
2	鹿血	0	1	1	0	0
1	鹿茸	0	1	1	0	0
2	修复神水	0	1	1	0	0
1	攻击神水	0	1	1	0	0
1	魔力神水	0	1	1	0	0
1	精神神水	0	1	1	0	0
1	疾风神水	0	1	1	0	0
1	体力强效神水	0	1	1	0	0
1	魔力强效神水	0	1	1	0	0
1	肉	0	1	1	0	0
1	鸡肉	0	1	1	0	0
2	干肉	0	1	1	0	0
1	骰子	0	1	1	0	0
1	彩票	0	1	1	0	0
1	介绍信	0	1	1	0	0
1	佛牌	0	1	1	0	0
1	药剂师的信	0	1	1	0	0
7	蜡烛	0	1	1	0	0
7	火把	0	1	1	0	0
7	精制火把	0	1	1	0	0
5	头盔	0	1	1	0	0
1	筹码	0	1	1	0	0
2	神秘药水	0	1	1	0	0
1	食人树叶	0	1	1	0	0
1	毒蜘蛛牙齿	0	1	1	0	0
1	食人树果实	0	1	1	0	0
1	蝎子尾巴	0	1	1	0	0
1	蛆卵	0	1	1	0	0
1	铜矿	0	1	1	0	0
1	铁矿	0	1	1	0	0
1	银矿	0	1	1	0	0
1	金矿	0	1	1	0	0
1	黑铁矿石	0	1	1	0	0
1	千年蛛丝	0	1	1	0	0
1	光芒绒丝	0	1	1	0	0
1	雷霆绒丝	0	1	1	0	0
1	烈焰绒丝	0	1	1	0	0
1	魔龙颚骨	0	1	1	0	0
1	魔龙骨	0	1	1	0	0
1	魔龙牙	0	1	1	0	0
1	沃玛号角	1	1	1	0	0
1	祖玛头像	1	1	1	0	0
1	玛法精铁	0	1	1	0	0
1	书页	0	1	1	0	0
1	古籍残卷	0	1	1	0	0
1	玛法精魄	0	1	1	0	0
2	祝福罐	0	1	1	0	0
1	聚灵珠(小)	0	1	1	0	0
1	聚灵珠(中)	0	1	1	0	0
1	聚灵珠(大)	0	1	1	0	0
1	战神油	1	1	1	1	0
1	祝福油	1	1	1	1	0
5	青铜头盔	0	1	1	0	0
5	魔法头盔	0	1	1	0	0
5	道士头盔	0	1	1	0	0
5	骷髅头盔	0	1	1	0	0
5	金项链	0	1	1	0	0
5	传统项链	0	1	1	0	0
5	黑檀项链	0	1	1	0	0
5	黄色水晶项链	0	1	1	0	0
5	黑色水晶项链	0	1	1	0	0
5	魔鬼项链	0	1	1	0	0
5	琥珀项链	0	1	1	0	0
5	凤凰明珠	0	1	1	0	0
5	灯笼项链	0	1	1	0	0
5	白金项链	0	1	1	0	0
5	白色虎齿项链	0	1	1	0	0
5	蓝翡翠项链	0	1	1	0	0
5	放大镜	0	1	1	0	0
5	竹笛	0	1	1	0	0
5	铁手镯	0	1	1	0	0
5	小手镯	0	1	1	0	0
5	银手镯	0	1	1	0	0
5	皮制手套	0	1	1	0	0
5	钢手镯	0	1	1	0	0
5	大手镯	0	1	1	0	0
5	坚固手套	0	1	1	0	0
5	黑檀手镯	0	1	1	0	0
5	道士手镯	0	1	1	0	0
5	避邪手镯	0	1	1	0	0
5	魔力手镯	0	1	1	0	0
5	死神手套	0	1	1	0	0
5	金手镯	0	1	1	0	0
5	古铜戒指	0	1	1	0	0
5	六角戒指	0	1	1	0	0
5	玻璃戒指	0	1	1	0	0
5	牛角戒指	0	1	1	0	0
5	蓝色水晶戒指	0	1	1	0	0
5	生铁戒指	0	1	1	0	0
5	黑色水晶戒指	0	1	1	0	0
5	蛇眼戒指	0	1	1	0	0
5	珍珠戒指	0	1	1	0	0
5	金戒指	0	1	1	0	0
5	魅力戒指	0	1	1	0	0
5	道德戒指	0	1	1	0	0
5	骷髅戒指	0	1	1	0	0
5	珊瑚戒指	0	1	1	0	0
5	降妖除魔戒指	0	1	1	0	0
5	幽灵项链	1	1	1	0	0
5	幽灵手套	1	1	1	0	0
5	龙之戒指	1	1	1	0	0
5	生命项链	1	1	1	0	0
5	思贝儿手镯	1	1	1	0	0
5	红宝石戒指	1	1	1	0	0
5	天珠项链	1	1	1	0	0
5	心灵手镯	1	1	1	0	0
5	铂金戒指	1	1	1	0	0
5	黑铁头盔	1	1	1	1	0
5	黄金头盔	1	1	1	1	0
5	绿色项链	1	1	1	1	0
5	恶魔铃铛	1	1	1	1	0
5	灵魂项链	1	1	1	1	0
5	骑士手镯	1	1	1	1	0
5	阎罗手套	1	1	1	1	0
5	黑铁手套	1	1	1	1	0
5	龙之手镯	1	1	1	1	0
5	三眼手镯	1	1	1	1	0
5	力量戒指	1	1	1	1	0
5	紫碧螺	1	1	1	1	0
5	泰坦戒指	1	1	1	1	0
4	木剑	0	1	1	0	0
4	匕首	0	1	1	0	0
4	青铜剑	0	1	1	0	0
4	乌木剑	0	1	1	0	0
4	鹤嘴锄	0	1	1	0	0
4	铁剑	0	1	1	0	0
4	短剑	0	1	1	0	0
4	青铜斧	0	1	1	0	0
4	八荒	0	1	1	0	0
4	海魂	0	1	1	0	0
4	半月	0	1	1	0	0
4	凌风	0	1	1	0	0
4	罗刹	0	1	1	0	0
4	破魂	0	1	1	0	0
4	斩马刀	0	1	1	0	0
4	偃月	0	1	1	0	0
4	降魔	0	1	1	0	0
4	修罗	0	1	1	0	0
4	凝霜	0	1	1	0	0
4	炼狱	1	1	1	0	0
4	魔杖	1	1	1	0	0
4	银蛇	1	1	1	0	0
4	井中月	1	1	1	1	0
4	血饮	1	1	1	1	0
4	无极棍	1	1	1	1	0
4	裁决之杖	1	1	1	1	0
4	骨玉权杖	1	1	1	1	0
4	龙纹剑	1	1	1	1	0
4	怒斩	1	1	1	1	0
4	龙牙	1	1	1	1	0
4	逍遥扇	1	1	1	1	0
4	屠龙	1	1	1	1	0
4	嗜魂法杖	1	1	1	1	0
4	乾坤扇	1	1	1	1	0
4	命运之刃	0	1	1	0	0
4	霸者之刃	0	1	1	0	0
4	赤血魔剑	0	1	1	0	0
3	布衣(男)	0	1	1	0	0
3	布衣(女)	0	1	1	0	0
3	轻型盔甲(男)	0	1	1	0	0
3	轻型盔甲(女)	0	1	1	0	0
3	中型盔甲(男)	0	1	1	0	0
3	中型盔甲(女)	0	1	1	0	0
3	重盔甲(男)	0	1	1	0	0
3	重盔甲(女)	0	1	1	0	0
3	魔法长袍(男)	0	1	1	0	0
3	魔法长袍(女)	0	1	1	0	0
3	灵魂战衣(男)	0	1	1	0	0
3	灵魂战衣(女)	0	1	1	0	0
3	战神盔甲(男)	1	1	1	0	0
3	战神盔甲(女)	1	1	1	0	0
3	恶魔长袍(男)	1	1	1	0	0
3	恶魔长袍(女)	1	1	1	0	0
3	幽灵战衣(男)	1	1	1	0	0
3	幽灵战衣(女)	1	1	1	0	0
5	圣战头盔	1	1	1	1	0
5	圣战项链	1	1	1	1	0
5	圣战手镯	1	1	1	1	0
5	圣战戒指	1	1	1	1	0
5	法神头盔	1	1	1	1	0
5	法神项链	1	1	1	1	0
5	法神手镯	1	1	1	1	0
5	法神戒指	1	1	1	1	0
5	天尊头盔	1	1	1	1	0
5	天尊项链	1	1	1	1	0
5	天尊手镯	1	1	1	1	0
5	天尊戒指	1	1	1	1	0
3	天魔神甲	1	1	1	1	0
3	圣战宝甲	1	1	1	1	0
3	法神披风	1	1	1	1	0
3	霓裳羽衣	1	1	1	1	0
3	天尊道袍	1	1	1	1	0
3	天师长袍	1	1	1	1	0
7	勋章1	0	1	1	0	0
7	勋章2	0	1	1	0	0
7	荣耀勋章	1	1	1	1	0
5	魔血戒指	0	1	1	0	0
5	魔血手镯	0	1	1	0	0
5	魔血项链	0	1	1	0	0
5	虹魔戒指	0	1	1	0	0
5	虹魔手镯	0	1	1	0	0
5	虹魔项链	0	1	1	0	0
5	魔法手镯	0	1	1	0	0
5	狂风戒指	0	1	1	0	0
5	狂风项链	0	1	1	0	0
5	夏普儿手镯	0	1	1	0	0
5	躲避手链	0	1	1	0	0
5	辟邪手镯	0	1	1	0	0
5	求婚戒指	0	1	1	0	0
5	火焰戒指	0	1	1	0	0
5	防御戒指	0	1	1	0	0
5	超负载戒指	0	1	1	0	0
5	技巧项链	0	1	1	0	0
5	探测项链	0	1	1	0	0
5	隐身戒指	1	1	1	1	0
5	传送戒指	1	1	1	1	0
5	麻痹戒指	1	1	1	1	0
5	复活戒指	1	1	1	1	0
5	护身戒指	1	1	1	1	0
5	神秘戒指	0	1	1	0	0
5	神秘腰带	0	1	1	0	0
5	神秘头盔	0	1	1	0	0
5	记忆戒指	1	1	1	0	0
5	记忆项链	1	1	1	0	0
5	记忆手镯	1	1	1	0	0
5	记忆头盔	1	1	1	0	0
4	祈祷之刃	1	1	1	0	0
5	祈祷手镯	1	1	1	0	0
5	祈祷项链	1	1	1	0	0
5	祈祷戒指	1	1	1	0	0
5	祈祷头盔	1	1	1	0	0
2	移动仓库	0	1	1	0	0
2	玛法通行令	0	1	1	0	0
2	记路标石	0	1	1	0	0
1	个性发型	0	1	1	0	0
1	反璞归真	0	1	1	0	0
2	盟重传送石	0	1	1	0	0
2	比奇传送石	0	1	1	0	0
2	封魔传送石	0	1	1	0	0
2	苍月传送石	0	1	1	0	0
2	随机传送石	0	1	1	0	0
1	悔过书	0	1	1	0	0
1	一心一意	0	1	1	0	0
1	一心一意包	0	1	1	0	0
1	心心相印	0	1	1	0	0
1	心心相印包	0	1	1	0	0
1	飞火流星	0	1	1	0	0
1	飞火流星包	0	1	1	0	0
1	浪漫星雨	0	1	1	0	0
1	浪漫星雨包	0	1	1	0	0
1	绮梦幻想	0	1	1	0	0
1	绮梦幻想包	0	1	1	0	0
1	长空火舞	0	1	1	0	0
1	长空火舞包	0	1	1	0	0
1	如雾似梦	0	1	1	0	0
1	如雾似梦包	0	1	1	0	0
1	庆典蛋糕	0	1	1	0	0
1	千里传音(小)	0	1	1	0	0
1	千里传音(大)	0	1	1	0	0
1	1元宝	1	1	1	1	0
1	2元宝	1	1	1	1	0
1	5元宝	1	1	1	1	0
1	10元宝	1	1	1	1	0
1	20元宝	1	1	1	1	0
1	50元宝	1	1	1	1	0
1	100元宝	1	1	1	1	0
1	200元宝	1	1	1	1	0
1	500元宝	1	1	1	1	0
1	1000元宝	1	1	1	1	0
1	2000元宝	1	1	1	1	0
1	5000元宝	1	1	1	1	0
1	10000元宝	1	1	1	0	0
1	两倍经验卷	0	1	1	0	0
1	四倍经验卷	0	1	1	0	0
1	六倍经验卷	0	1	1	0	0
1	八倍经验卷	0	1	1	0	0
1	十倍经验卷	0	1	1	0	0
1	行会召唤令	0	1	1	0	0
1	气血石(小)	0	1	1	0	0
1	气血石(中)	0	1	1	0	0
1	气血石(大)	0	1	1	0	0
1	幻魔石(小)	0	1	1	0	0
1	幻魔石(中)	0	1	1	0	0
1	幻魔石(大)	0	1	1	0	0
1	魔血石(小)	0	1	1	0	0
1	魔血石(中)	0	1	1	0	0
1	魔血石(大)	0	1	1	0	0
7	布鞋	0	1	1	0	0
7	鹿皮靴	1	1	1	0	0
7	紫绸靴	1	1	1	1	0
7	避魂靴	1	1	1	1	0
7	兽皮腰带	0	1	1	0	0
7	铁腰带	1	1	1	0	0
7	青铜腰带	1	1	1	1	0
7	钢铁腰带	1	1	1	1	0
5	雷霆战盔	1	1	1	1	0
5	雷霆项链	1	1	1	1	0
7	雷霆勋章	1	1	1	1	0
5	雷霆护腕	1	1	1	1	0
5	雷霆战戒	1	1	1	1	0
7	雷霆腰带	1	1	1	1	0
7	雷霆战靴	1	1	1	1	0
5	烈焰魔盔	1	1	1	1	0
5	烈焰项链	1	1	1	1	0
7	烈焰勋章	1	1	1	1	0
5	烈焰护腕	1	1	1	1	0
5	烈焰魔戒	1	1	1	1	0
7	烈焰腰带	1	1	1	1	0
7	烈焰魔靴	1	1	1	1	0
5	光芒道盔	1	1	1	1	0
5	光芒项链	1	1	1	1	0
7	光芒勋章	1	1	1	1	0
5	光芒护腕	1	1	1	1	0
5	光芒道戒	1	1	1	1	0
7	光芒腰带	1	1	1	1	0
7	光芒道靴	1	1	1	1	0
4	开天	1	1	1	1	0
4	镇天	1	1	1	1	0
4	玄天	1	1	1	1	0
3	雷霆战甲(男)	1	1	1	1	0
3	雷霆战甲(女)	1	1	1	1	0
3	烈焰魔衣(男)	1	1	1	1	0
3	烈焰魔衣(女)	1	1	1	1	0
3	光芒道袍(男)	1	1	1	1	0
3	光芒道袍(女)	1	1	1	1	0
3	凤天魔甲	1	1	1	1	0
3	凰天魔衣	1	1	1	1	0