0	一心一意	1016	60000|1	380	1	烟花|	1	0	1
0	一心一意包	1015	300000|1	380	1	烟花|	1	0	1
0	心心相印	1016	60000|1	380	1	烟花|	1	0	1
0	心心相印包	1015	300000|1	380	1	烟花|	1	0	1
0	浪漫星雨	1016	60000|1	380	1	烟花|	1	0	1
0	浪漫星雨包	1015	300000|1	380	1	烟花|	1	0	1
0	飞火流星	1016	60000|1	380	1	烟花|	1	0	1
0	飞火流星包	1015	300000|1	380	1	烟花|	1	0	1
0	绮梦幻想	1016	60000|1	380	1	烟花|	1	0	1
0	绮梦幻想包	1015	300000|1	380	1	烟花|	1	0	1
0	长空火舞	1016	60000|1	380	1	烟花|	1	0	1
0	长空火舞包	1015	300000|1	380	1	烟花|	1	0	1
0	如雾似梦	1016	60000|1	380	1	烟花|	1	0	1
0	如雾似梦包	1015	300000|1	380	1	烟花|	1	0	1
1	强效金创药	28	1000|1	380	1	恢复生命值|	1	0	1
1	超级金创药	313	6000|1	380	1	恢复生命值|	1	0	1
1	强效魔法药	29	1000|1	380	1	恢复魔法值|	1	0	1
1	超级魔法药	314	6000|1	380	1	恢复魔法值|	1	0	1
1	强效太阳水	312	3000|1	380	1	恢复生命值和魔法值|	1	0	1
1	强效太阳水包	1007	18000|1	380	1	恢复生命值和魔法值|	1	0	1
1	万年雪霜	260	4000|1	380	1	恢复生命值和魔法值|	1	0	1
1	万年雪霜包	1008	24000|1	380	1	恢复生命值和魔法值|	1	0	1
1	疗伤药	14	5000|1	380	1	恢复生命值和魔法值|	1	0	1
1	疗伤药包	1009	30000|1	380	1	恢复生命值和魔法值|	1	0	1
1	护身符(大)	270	3000|1	380	1	道士必备物品|	1	0	1
1	超级护身符	270	10000|1	380	1	道士必备物品|	1	0	1
1	灰色药粉(少量)	251	5000|1	380	1	道士必备物品|	1	0	1
1	黄色药粉(少量)	250	5000|1	380	1	道士必备物品|	1	0	1
1	灰色药粉(中量)	251	10000|1	380	1	道士必备物品|	1	0	1
1	黄色药粉(中量)	250	10000|1	380	1	道士必备物品|	1	0	1
1	灰色药粉(大量)	251	20000|1	380	1	道士必备物品|	1	0	1
1	黄色药粉(大量)	250	20000|1	380	1	道士必备物品|	1	0	1
1	超级灰色药粉	251	50000|1	380	1	道士必备物品|	1	0	1
1	超级黄色药粉	250	50000|1	380	1	道士必备物品|	1	0	1
2	攻击神水	425	200000|1	380	1	攻击强化|使用后在三分钟内攻击提|升5点|	1	0	1
2	魔力神水	423	200000|1	380	1	魔法强化|使用后在三分钟内魔法提|升5点|	1	0	1
2	精神神水	421	200000|1	380	1	道术强化|使用后在三分钟内道术提|升5点|	1	0	1
2	疾风神水	420	10000000|1	380	1	速度强化|使用后在两分钟内攻击速|度提升5点|	1	0	1
2	体力强效神水	424	200000|1	380	1	生命值强化|使用后在两分钟内生命值|提升50点|	1	0	1
2	魔力强效神水	422	200000|1	380	1	魔法值强化|使用后在两分钟内魔法值|提升50点|	1	0	1
2	神水	119	50000|1	380	1	神秘装备必备|使用后可将神秘装备取下|	1	0	1
2	修复神水	120	50000|1	380	1	装备修复|使用后修复全身装备|	1	0	1
2	两倍经验卷	272	100000|1	380	1	两倍经验卷|使用后在两小时内杀怪可|获得两倍经验收益|	1	0	1
2	四倍经验卷	273	200000|1	380	1	四倍经验卷|使用后在两小时内杀怪可|获得四倍经验收益|	1	0	1
3	金条	117	1000000|1	380	1	兑换金条|	1	0	1
3	金砖	121	5000000|1	380	1	兑换金砖|	1	0	1
3	金盒	122	10000000|1	380	1	兑换金盒|	1	0	1
4	盟重传送石	1010	500000|1	380	1	盟重传送石|	1	0	1
4	比奇传送石	999	500000|1	380	1	比奇传送石||	1	0	1
4	回城石	1190	500000|1	380	1	回城石|	1	0	1
4	随机传送石	1025	200000|1	380	1	随机传送石|	1	0	1
5	聚灵珠(小)	820	100000|1	380	1	聚集经验|两倍速度聚集经验|	1	0	1
5	聚灵珠(中)	820	240000|1	380	1	积累经验|三倍速度聚集经验|	1	0	1
5	聚灵珠(大)	820	400000|1	380	1	积累经验|五倍速度聚集经验|	1	0	1
5	祝福油	26	1000000|1	380	1	武器增加幸运|武器增加幸运|	1	0	1
5	庆典蛋糕	1001	500000|1	380	1	烟花|绚丽的烟花|	1	0	1
